5.482050776481628418e-01 1.273278474807739258e+00 -5.577161312103271484e-01 -8.610483258962631226e-02 -7.267990708351135254e-01 -5.230205655097961426e-01 5.715279579162597656e-01 1.768043041229248047e-01 -8.383520841598510742e-01 -1.030128225684165955e-01 1.158706426620483398e+00 -2.120259404182434082e-01 -2.343676984310150146e-01 -1.247132644057273865e-01 -8.109050989151000977e-02 1.290277600288391113e+00 -3.517031297087669373e-02 1.244841516017913818e-01 -1.034189343452453613e+00 -1.644278526306152344e+00
6.790130138397216797e-01 1.281490802764892578e+00 7.886266708374023438e-01 -4.607963860034942627e-01 1.390557408332824707e+00 8.812116980552673340e-01 6.382682323455810547e-01 -9.606882929801940918e-01 -3.776797056198120117e-01 -5.805428028106689453e-01 2.501600265502929688e+00 8.266560733318328857e-02 1.459565997123718262e+00 -1.384291887283325195e+00 -3.159708678722381592e-01 1.270518541336059570e+00 -1.496013522148132324e+00 -6.322671771049499512e-01 -1.582632541656494141e+00 -1.256935715675354004e+00
-6.409910321235656738e-01 6.625064015388488770e-01 5.008564889430999756e-02 2.331245541572570801e-01 4.822662174701690674e-01 8.545986562967300415e-02 -5.521304011344909668e-01 -1.724790968000888824e-02 -9.659311771392822266e-01 8.496770858764648438e-01 1.573797315359115601e-01 1.101467370986938477e+00 6.460583806037902832e-01 -9.836528450250625610e-03 3.937024176120758057e-01 5.319259166717529297e-01 -1.424796819686889648e+00 1.915329575538635254e+00 1.351310372352600098e+00 -3.582534492015838623e-01
1.978714704513549805e+00 -2.712160348892211914e-01 -2.324539273977279663e-01 7.038193941116333008e-01 -2.373031824827194214e-01 1.083354353904724121e+00 -1.390247464179992676e+00 1.309809923171997070e+00 2.704476118087768555e-01 -1.479979395866394043e+00 -4.913560748100280762e-01 1.365831375122070312e+00 4.845331907272338867e-01 -2.069370299577713013e-01 6.423910856246948242e-01 -1.296599149703979492e+00 8.265289664268493652e-01 1.281990170478820801e+00 -1.384296178817749023e+00 4.344670772552490234e-01
3.943121135234832764e-01 7.824917435646057129e-01 -4.214498400688171387e-01 7.567134499549865723e-01 4.082761704921722412e-01 3.272213637828826904e-01 -9.056300520896911621e-01 -9.415599107742309570e-01 -4.284900128841400146e-01 -6.001334786415100098e-01 7.543084621429443359e-01 8.535773158073425293e-01 -1.403066754341125488e+00 -1.359308838844299316e+00 1.462703466415405273e+00 -3.584594726562500000e-01 -2.774324417114257812e-01 6.176617741584777832e-01 1.470456458628177643e-02 9.836985468864440918e-01
-8.635815978050231934e-01 -8.013098239898681641e-01 -1.567385941743850708e-01 -8.226125836372375488e-01 -5.902745723724365234e-01 7.574949860572814941e-01 -1.332487910985946655e-01 -6.348799467086791992e-01 3.585599958896636963e-01 1.037365943193435669e-01 -1.251672267913818359e+00 -1.540535539388656616e-01 -1.052260279655456543e+00 -2.202367782592773438e+00 6.157090067863464355e-01 4.159029722213745117e-01 1.708162307739257812e+00 -4.647632837295532227e-01 -1.816729903221130371e+00 -4.914512932300567627e-01
-3.206580877304077148e-01 -2.639907598495483398e-01 3.348938226699829102e-01 1.092681765556335449e+00 6.462944149971008301e-01 1.541266679763793945e+00 9.668837785720825195e-01 -7.907252907752990723e-01 -1.049121245741844177e-01 -8.522899448871612549e-02 -1.315444558858871460e-01 3.846754729747772217e-01 -1.384116291999816895e+00 8.863588422536849976e-02 1.201208591461181641e+00 -6.977512836456298828e-01 8.595731109380722046e-02 -7.240113019943237305e-01 1.274513453245162964e-01 5.132309719920158386e-02
-1.294005155563354492e+00 -3.810610175132751465e-01 -1.701718688011169434e+00 1.857113003730773926e+00 2.830627441406250000e+00 6.439331173896789551e-01 6.724017262458801270e-01 1.563361644744873047e+00 -5.818337202072143555e-01 8.104805350303649902e-01 -2.946763038635253906e-01 1.351583898067474365e-01 8.839866518974304199e-01 -1.440247595310211182e-01 5.520042181015014648e-01 -2.702024579048156738e-01 -7.690737843513488770e-01 -1.867522597312927246e+00 2.183058671653270721e-02 -3.235295116901397705e-01
4.332353472709655762e-01 3.234319686889648438e-01 8.262072801589965820e-01 7.182670831680297852e-01 -1.627943634986877441e+00 2.203108310699462891e+00 4.203419089317321777e-01 -2.239973396062850952e-01 8.227786421775817871e-01 6.028883457183837891e-01 6.125465631484985352e-01 -4.512256979942321777e-01 2.490127086639404297e+00 -4.673246741294860840e-01 -1.919524557888507843e-02 -5.289888754487037659e-02 1.596602559089660645e+00 7.286183536052703857e-02 -1.482370197772979736e-01 -1.771107435226440430e+00
-4.290099143981933594e-01 2.533374726772308350e-01 -2.536799311637878418e-01 -3.830129206180572510e-01 3.035150468349456787e-01 9.144659638404846191e-01 6.668599247932434082e-01 -4.101287424564361572e-01 5.387524962425231934e-01 1.028973698616027832e+00 5.060405135154724121e-01 -6.827194690704345703e-01 6.193955540657043457e-01 -2.250196218490600586e+00 4.104283750057220459e-01 1.389805078506469727e+00 1.094238877296447754e+00 -8.794872164726257324e-01 1.250560045242309570e+00 -1.629532873630523682e-01
